test_no = 36  nargs = 1
	args[0] = 2
	Design has 2 factors and 9 experiments, scale=Standardised
		     z0     z1 weight
		  0.000  0.000    nan
		  1.000  0.000    nan
		 -1.000  0.000    nan
		  0.000  1.000    nan
		  0.000 -1.000    nan
		 -0.707  0.707    nan
		 -0.707 -0.707    nan
		  0.707  0.707    nan
		  0.707 -0.707    nan

test_no = 36  nargs = 1
	args[0] = 3
	Design has 3 factors and 15 experiments, scale=Standardised
		     z0     z1     z2 weight
		  0.000  0.000  0.000    nan
		  1.000  0.000  0.000    nan
		 -1.000  0.000  0.000    nan
		  0.000  1.000  0.000    nan
		  0.000 -1.000  0.000    nan
		  0.000  0.000  1.000    nan
		  0.000  0.000 -1.000    nan
		 -0.577 -0.577  0.577    nan
		 -0.577 -0.577 -0.577    nan
		 -0.577  0.577  0.577    nan
		 -0.577  0.577 -0.577    nan
		  0.577 -0.577  0.577    nan
		  0.577 -0.577 -0.577    nan
		  0.577  0.577  0.577    nan
		  0.577  0.577 -0.577    nan


test_no = 36  nargs = 1
	args[0] = 4
	Design has 4 factors and 25 experiments, scale=Standardised
		     z0     z1     z2     z3 weight
		  0.000  0.000  0.000  0.000    nan
		  1.000  0.000  0.000  0.000    nan
		 -1.000  0.000  0.000  0.000    nan
		  0.000  1.000  0.000  0.000    nan
		  0.000 -1.000  0.000  0.000    nan
		  0.000  0.000  1.000  0.000    nan
		  0.000  0.000 -1.000  0.000    nan
		  0.000  0.000  0.000  1.000    nan
		  0.000  0.000  0.000 -1.000    nan
		 -0.500 -0.500 -0.500  0.500    nan
		 -0.500 -0.500 -0.500 -0.500    nan
		 -0.500 -0.500  0.500  0.500    nan
		 -0.500 -0.500  0.500 -0.500    nan
		 -0.500  0.500 -0.500  0.500    nan
		 -0.500  0.500 -0.500 -0.500    nan
		 -0.500  0.500  0.500  0.500    nan
		 -0.500  0.500  0.500 -0.500    nan
		  0.500 -0.500 -0.500  0.500    nan
		  0.500 -0.500 -0.500 -0.500    nan
		  0.500 -0.500  0.500  0.500    nan
		  0.500 -0.500  0.500 -0.500    nan
		  0.500  0.500 -0.500  0.500    nan
		  0.500  0.500 -0.500 -0.500    nan
		  0.500  0.500  0.500  0.500    nan
		  0.500  0.500  0.500 -0.500    nan


test_no = 36  nargs = 1
	args[0] = 5
	Design has 5 factors and 27 experiments, scale=Standardised
		     z0     z1     z2     z3     z4 weight
		  0.000  0.000  0.000  0.000  0.000    nan
		  1.000  0.000  0.000  0.000  0.000    nan
		 -1.000  0.000  0.000  0.000  0.000    nan
		  0.000  1.000  0.000  0.000  0.000    nan
		  0.000 -1.000  0.000  0.000  0.000    nan
		  0.000  0.000  1.000  0.000  0.000    nan
		  0.000  0.000 -1.000  0.000  0.000    nan
		  0.000  0.000  0.000  1.000  0.000    nan
		  0.000  0.000  0.000 -1.000  0.000    nan
		  0.000  0.000  0.000  0.000  1.000    nan
		  0.000  0.000  0.000  0.000 -1.000    nan
		 -0.447 -0.447 -0.447 -0.447  0.447    nan
		 -0.447 -0.447 -0.447  0.447 -0.447    nan
		 -0.447 -0.447  0.447 -0.447 -0.447    nan
		 -0.447 -0.447  0.447  0.447  0.447    nan
		 -0.447  0.447 -0.447 -0.447 -0.447    nan
		 -0.447  0.447 -0.447  0.447  0.447    nan
		 -0.447  0.447  0.447 -0.447  0.447    nan
		 -0.447  0.447  0.447  0.447 -0.447    nan
		  0.447 -0.447 -0.447 -0.447 -0.447    nan
		  0.447 -0.447 -0.447  0.447  0.447    nan
		  0.447 -0.447  0.447 -0.447  0.447    nan
		  0.447 -0.447  0.447  0.447 -0.447    nan
		  0.447  0.447 -0.447 -0.447  0.447    nan
		  0.447  0.447 -0.447  0.447 -0.447    nan
		  0.447  0.447  0.447 -0.447 -0.447    nan
		  0.447  0.447  0.447  0.447  0.447    nan
