9.07288570434321
8.19077417149674
8.55873876134865
9.11967401404399
9.5300667519914
3.7401707295794
7.10631070414092
1.51627618167549
5.96848088456318
2.48670842277352
3.92125577339903
3.06510832975619
5.21043070789892
1.62092361249961
6.87024820421357
5.85622307960875
9.43828517734073
9.39817016967572
1.93938848795369
5.56646115868352
8.79352406668477
7.89620178111363
2.99229519232176
9.67490291502327
7.62982596596703
6.58092989795841
9.27495379350148
7.00955635588616
9.0367900080746
5.13855058816262
1.83993831335101
5.94063447602093
3.72520579094999
5.32509071950335
8.4921415533172
9.23608505376615
4.38151133863721
8.95868560904637
0.785534935072064
2.47584667929914
3.79361456213519
3.07472786412109
4.81407529232092
5.64775540994015
2.63031541358214
3.93094686465338
2.33688667044044
5.9424390142085
1.60755635821261
9.42362132132985
2.10995935602114
7.06115639803465
5.83754947641864
7.58865245780908
2.7405588736292
9.39541269128677
6.65543417655863
1.24680290720426
2.94016936374828
4.09147725114599
2.07630332477856
2.86444012657739
4.04030898562633
8.30236563540529
7.03792504721787
0.622809642576613
1.00977891369257
1.45050505304243
1.43938994628843
9.5214194720611
5.75845295574982
4.29878507589456
8.97425564145669
1.44457533792593
8.04892085422762
9.11916521494277
5.45596807345282
7.77538536651991
4.02020103076939
6.09148276702035
8.25178183114622
8.31736108707264
5.74467791279312
4.32115924812388
1.60198013868649
7.11415003775619
7.64285893714987
3.11662356578745
9.88078338874038
8.81789177656174
3.91338991257362
2.07723976648413
6.63112546666525
9.76281323342118
8.22728035051841
9.57480009098072
3.80962888384238
3.32407568988856
4.73263177601621
7.105066838325
9.5434527520556
9.8918934877729
3.41945858602412
8.489314057515
9.45530537201557
3.73093676101416
3.36256619403139
6.13552473299205
5.21555059216917
5.45496218721382
0.995177477248944
5.51975617092103
5.38234357233159
3.34783822193276
0.517050417955033
6.57524388015736
3.39664288936183
7.0620757418219
1.80760448426008
7.86609194218181
3.17679628520273
4.43655961728655
7.13812905643135
4.74843546818011
6.33980171615258
7.42764668725431
2.18740327772684
7.13637803052552
8.78923660772853
3.66238669643644
8.06876356131397
2.41306722629815
1.08013207872864
1.99120251729619
9.87365074770059
4.83535507612396
8.5542361473199
5.27776418812573
4.36129405221436
3.01983297127299
0.544589727534913
9.10298362781759
1.26399982976727
7.82001034496352
2.95428329717834
1.40445930615533
6.89692796848249
5.4667154046474
7.49256094917655
8.13506104482803
0.582147282548249
9.01345873950049
1.3383856593864
3.90371054434218
3.07209716911893
6.90566205407958
1.47871196002234
6.2755152110476
0.640928934793919
8.97850490990095
7.77089047420304
2.8595727540087
2.64193303545471
5.531839035335
9.06250373332296
3.99658178503159
2.68152735289186
8.62031971220858
9.67396536737215
5.58891981851775
5.25417404645123
8.52031291741878
6.95532205980271
1.54549633606803
7.7948879400501
1.59303872368764
8.25659725524019
9.90706152003258
6.0001361585455
6.98096458427608
3.29535766574554
4.68184209335595
4.06058807007503
1.57543876138516
9.8932053714525
9.2638611861039
9.00999029073864
1.25821542926133
7.18404130020645
4.07152399595361
5.19793243042659
8.5495100482367
6.62312166788615
3.63558807398658
9.80224068800453
7.07867841550615
6.01479033753276
0.680497118737549
4.15445636271033
9.3261036737822
9.00149431300815
2.60555953672156
6.84818291815463
9.45260333025362
2.56375043722801
3.28926695592236
0.593118253629655
8.61414190253709
6.50116241781507
6.94234169181436
6.01812191889621
7.74408922623843
1.50968270236626
6.48546139721293
6.32320070359856
1.1874499876285
8.84908098517917
4.20073946320917
3.09355435986072
1.96790265536401
9.92240710521583
5.86767827789299
6.5428339332575
7.89517614047509
5.94209857319947
0.834884707583115
1.06102941732388
3.65194947016425
5.65184883959591
4.35105459776241
1.27911804802716
4.41269532497972
0.983251256751828
0.758052099496126
9.1771856979467
8.29488514130935
9.80957321764436
9.34978986019269
1.44776212226134
5.92770043609198
6.35693428153172
1.05388339655474
5.21837971149944
3.85829063213896
4.47255120426416
1.18969557690434
5.37731376953889
8.92184858419932
6.70670943125151
4.99718555249274
3.95928484387696
9.73608382767998
4.29919830139261
1.85434420977253
7.90650209132582
6.28798755409662
7.80296780576464
9.84271438920405
9.01379565696698
2.42340985441115
8.27185988565907
5.1395155035425
5.53237283765338
7.5704556388082
4.26820348482579
3.69279531540815
3.95453006762546
3.20369419280905
0.62784871540498
4.88301022374071
7.12054700381123
0.690809758030809
3.73317449144088
3.40051230089739
0.888961627613753
8.30516007228289
9.17256027972326
3.25778378034011
5.09356132673565
6.73717963811941
1.38203779503237
2.269321136293
2.71906528843101
8.32790791476145
7.04481110000052
4.44509670080151
1.08400847541634
2.06871235999279
2.25050839409232
7.60492073558271
3.58699863462243
6.13573680247646
9.3431668455014
8.34506061498541
9.19438980252016
1.04803188727237
8.14270115783438
2.88099763565697
4.39090186706744
2.09259417047724
1.80262301792391
6.98659320350271
0.768185186316259
2.53029592253733
4.67214621335734
5.29563854436856
9.31843598291744
9.95013379957527
6.16965222219005
7.65494151622988
2.38029543170705
5.66706415766384
8.86786327185109
2.60726513038389
1.78508612769656
5.0206066747196
0.932894567260519
5.91016001126263
3.33237088099122
5.26901638659183
7.80491624516435
4.38912499079015
1.46866450656671
9.75596773787402
9.03249776479788
2.69859575352166
5.31548389908858
7.14355960965622
2.06261902465485
8.2473000708269
8.90772609075066
5.26975281583145
7.63703284028452
4.51827530679293
6.91570839274209
6.9656994411489
9.42030840390362
2.34294988645706
3.86176102072932
4.63752092700452
4.056905454956
5.4972331848694
3.59910400945228
9.45450908900239
8.61972366285045
8.12828044837806
0.748170579900034
8.24423185491469
9.67796139419079
7.70412922790274
2.17926281061955
3.95564224629197
2.67065554531291
9.25245658261701
2.16791429184377
3.55815967754461
4.34743416111451
8.77952968818136
7.5726057451684
5.39939124532975
9.31973687571008
9.11394445737824
3.5945551226614
2.75655244779773
9.18891752196942
2.0588036562549
5.27669366379268
9.10765490517952
5.27458516531624
7.59565041016322
2.2574310824275
1.79199229984079
0.697896973462775
3.84642042114865
7.60027909092605
7.80979452235624
8.39141784037929
7.86075550271198
8.68566667533014
8.33515601209365
8.4818672084948
0.539335214300081
8.17268996872008
8.84462017589249
6.30605744372588
8.50423839467112
6.11761525634211
6.19303439965006
1.03616606025025
6.34030410519335
5.68268888129387
8.49026562855579
3.96178286743816
3.51347534521483
9.30687134689651
9.48453678714577
7.09243398497347
2.45893683587201
3.9872422805056
2.80572706949897
5.29529115138575
6.97287678008433
3.18348511692602
3.98402834520675
5.97506367159076
4.89094127784483
2.74929855309892
9.73433060979005
3.24110526754521
7.29951056756545
5.29181746044196
5.57810617261566
8.89224125153851
1.66478150046896
0.558622329728678
1.40053628943861
3.54449351492804
5.43568221619353
9.07327495072968
2.313032263075
3.31491299509071
9.43529125221539
2.48592591984197
8.95855878363363
8.51250572258141
6.51665371796116
7.17890716472175
5.41337063605897
2.65573120815679
7.73869566246867
6.96136200451292
4.89828353538178
0.90879229537677
0.896593227051198
4.12313134840224
2.10563949286006
9.86263309023343
3.49829562753439
4.42250518372748
1.5297754239291
8.60334507806692
5.70419308356941
8.70197328075301
2.51601739565376
0.500585564994253
0.568960438948125
1.69424676336348
2.03657229256351
2.56693042442203
3.29988252033945
4.35942894802429
3.01193806610536
1.31109441339504
9.8045388229657
8.96902338869404
3.96220916963648
8.16376315220259
2.51689426228404
1.14969533984549
6.3166782525368
9.89033264026511
4.43457346514333
7.12469347903971
9.37180804181844
4.15310641680844
9.6854593710741
2.16325879632495
8.61219377280213
4.45566052023787
3.82251655589789
2.07394748157822
1.40753372199833
3.60893091524485
9.34428414911963
6.00280842382926
7.39805352617987
7.4430889718933
7.14722031378187
1.46886136266403
9.14640068367589
8.74779999954626
3.94580066681374
5.88576135260519
8.55255249782931
9.11757955222856
2.0761231596116
2.74086451274343
8.33544693107251
6.59530345431995
5.52460385102313
4.70446386910044
0.709023599745706
8.48062013543677
4.65866146341432
2.56081888300832
9.99748175090645
6.0199487817008
4.53668201656546
0.949494427419268
0.723083432530984
6.88759711908642
4.68353509251028
7.39751069713384
2.81555230973754
2.65057931118645
7.86943035828881
6.06919864972588
9.50383359065745
5.10906839987729
9.48796477157157
8.68707787070889
1.73414042487275
8.94073864305392
2.8631934649311
0.77095283055678
6.01864310901146
9.60886581311934
9.09220892004669
1.408109649783
5.16663731646258
2.63799704157282
8.34825716924388
5.33069464075379
5.21668337460142
8.99657090660185
6.3445381646743
5.23447881941684
4.59938594233245
1.22866737307049
7.33032766089309
1.13439278921578
5.67485199403018
8.53872136794962
5.85895977064501
6.28743425395805
2.61891590850428
8.64182519959286
8.73789901752025
6.69673697417602
0.580486915423535
8.52676998940296
4.76865195611026
4.25528799160384
0.7916878167307
8.46266408520751
9.80863050301559
3.81954876426607
2.7709192003822
9.49538485670928
7.73799011786468
1.3720826106146
3.53937764745206
8.9373963738326
3.36856788187288
4.54177870473359
4.18535522965249
2.35973050235771
6.08556437678635
5.22524460975546
1.20267532556318
5.45256631099619
5.06980785459746
6.74622605601326
8.86236635083333
1.31667615822516
5.01738940831274
8.76956132310443
6.60182051721495
7.15792520984542
8.34175089152995
2.25427789229434
5.08362429309636
0.500255477847531
9.55514082708396
9.56940255023073
1.8955933668185
6.29123070405331
6.01463563123252
1.93383117788471
5.80666681157891
2.22753887588624
7.91118107491639
6.97442411957309
3.93520342791453
2.53385571576655
8.28152928047348
1.70164561434649
4.50161175301764
9.68014216178562
6.20350498345215
8.61222751962487
6.67461034795269
2.17397268151399
7.16200771054719
0.944016851601191
5.96186493907589
9.97309933195356
8.23446434061043
4.97618469258305
1.68121403106488
1.1744855386205
5.25938578392379
1.27799603971653
2.45324460708071
1.46131619950756
3.79878923052456
7.08050328539684
5.89457160688471
3.8807064719731
7.05810737691354
2.72522551356815
8.98662026540842
5.0926299104467
3.22426481335424
2.91397855349351
9.95559345907532
4.03887411195319
3.25631644274108
1.69643753755372
4.04823766637128
0.586682911263779
6.8473568498157
7.59078038111329
5.4822339132661
8.5228371983394
5.96524352312554
8.82445176341571
9.36911117809359
3.71481046231929
5.37564971961547
1.3131986274384
2.40760777471587
4.54681104677729
8.85742041189224
4.05811850470491
4.14136691752356
6.04185933049303
8.046150794602
9.37235919863451
9.73308786097914
3.15740020759404
8.77568481757771
6.34450490004383
6.23679605266079
7.1617178930901
5.88142911833711
3.17955708142836
9.32875478453934
7.22098762565292
2.31056669680402
4.51144367980305
8.79539643914904
4.33711050217971
2.48527244757861
5.01833362260368
4.26392561220564
8.84309807408135
5.60255145572592
9.04186956735794
8.60637570731342
7.43514854158275
1.38719802419655
2.87659070803784
9.95274925464764
8.80159938253928
1.38786416838411
5.19136287050787
7.16929778957274
7.2015416455688
2.94701324240305
2.00327616254799
5.43443717807531
0.893376553431153
3.19411569344811
4.44471319648437
3.5368394847028
9.00215183966793
5.19145893072709
1.34551902813837
7.8516110139899
6.36867334286217
0.899797839228995
3.47153840947431
4.14207604760304
5.43437614536379
8.10349319805391
9.63245740137063
1.79364792688284
7.83833796414547
3.31672108336352
8.93227226706222
6.11422815651167
2.72112264798488
8.67813958553597
6.0476174117066
7.37620508507825
2.36767021822743
3.51679371052887
3.07968258869369
6.63929926033597
7.62325425609015
9.44617007148918
8.63126713549718
5.38741976954043
0.518948200624436
1.78413720428944
1.2950866256142
9.77277104114182
1.99488313950133
4.91817721107509
9.51167107734364
7.22056982154027
1.51938683050685
4.86672687635291
2.29039872670546
5.43874513462652
0.895209264475852
1.69985595776234
0.973630393040366
2.4206830416806
1.32761425396893
5.47111757891253
5.45641198451631
5.06695184751879
8.35806071083061
9.90079838444944
8.66647492116317
2.76074912853073
5.92221824848093
2.38798513531219
8.62272014271002
3.79925401078071
9.79836746316869
1.60997819539625
7.79933493607678
9.63341200933792
8.03628858260345
4.30522880353965
7.11820717027877
1.23158342635725
4.49140376492869
1.70984466117807
3.673700543819
6.9966608050745
1.9752257092623
2.78453417983837
4.44320964801591
2.10695027944166
3.99779627472162
9.79771909373812
8.4621798270382
6.1517163355602
3.65995711763389
1.5082548072096
5.01995287288446
3.77522742759902
1.81711675960105
1.35745889600366
3.29276332096197
6.36672254779842
8.58173480234109
7.73502615501639
9.35480137949344
6.14996179717127
3.04980368446559
4.89521272713318
2.10369807842653
9.68596395873465
7.51661830418743
2.22993046767078
5.40424968849402
6.9857846024679
8.93271258601453
3.07127898174804
9.03400591842365
5.0429461246822
7.97128131287172
5.4652265785262
5.02727663016412
8.39864559273701
2.47822904528584
3.77913578168955
9.31122692767531
4.8123866483802
6.79267358186189
3.47974089137278
2.55305104656145
7.27891271642875
6.0176711929962
7.60231306857895
3.55523463070858
4.32583394506946
5.21121812122874
9.14529590378515
4.90883811796084
9.39651640946977
9.18706096231472
4.96441280900035
7.3716522611212
5.64169888489414
3.09635022783186
3.25075054611079
4.59285493346397
7.51304907281883
4.54139359900728
4.01613164437003
5.07701092225034
4.52661502105184
3.52551614830736
5.03744030301459
6.84475925355218
1.93554286309518
1.77217476628721
8.23525138676632
2.38977487594821
2.72911256051157
6.17242501571309
7.49231190793216
1.18484211049508
8.15308030426968
2.32314622146077
4.72606711101253
8.32870585890487
7.12355572648812
3.81908492185175
8.38514693442266
9.15226855874062
6.34041120717302
8.18841735285241
5.51600304956082
8.96761415305082
4.65574142208789
6.71223409159575
8.28380026004743
1.1054469513474
7.22036017407663
3.13938164932188
1.29138619150035
6.04972506966442
1.83978475059848
1.29341978649609
6.86037046031561
1.24918724619783
2.78518631390762
7.04928892978933
3.32423002459109
9.24729854322504
4.71576661278959
3.5719113961095
0.770310964086093
2.57891345291864
8.71867828536779
3.42504669888876
7.95151474350132
5.71824821387418
6.66898541594855
9.16853666841052
4.95888361870311
2.74945217557251
7.31672472297214
0.547140628565103
9.8138173102634
3.81003011204302
5.53478759678546
1.57148337806575
7.53094914008398
5.64755875733681
9.1079130328726
3.88011960417498
4.37517668376677
7.1806134263752
9.49650006566662
5.13370367779862
4.29357744590379
9.10401998506859
4.17467959248461
1.51820871978998
3.01517229550518
1.84726109076291
3.61653887177818
1.09375292633194
8.61580776621122
5.82993547257502
4.45700070285238
0.899217372643761
6.00595225102734
6.64134491013829
7.77108359662816
2.05418238532729
1.62067881366238
9.01351214782335
7.55720859195571
0.77616432250943
7.56257581652608
2.79770505579654
8.78566211205907
1.12002161284909
4.00215992890298
4.03401572629809
9.5828570171725
5.39941644761711
2.82074525940698
9.77914010419045
7.04353520378936
4.86569155869074
9.31239114550408
3.29647281719372
7.59651684109122
4.17404929420445
5.24233785655815
1.10859174735378
3.12001119868364
1.44154837378301
8.02206881681923
2.46148775017355
9.80209790158551
1.69404894951731
5.1828222280601
8.24818577838596
0.802721505984664
8.30496691004373
4.90100860293023
1.88411061500665
8.15805180603638
9.27296058100183
3.9766976647079
3.65001792297699
5.45217496773694
7.04430769127794
8.03590575954877
7.52991727739573
2.50539425108582
3.27816762658767
5.46777793299407
9.97216190374456
4.84952554549091
5.04305941553321
3.5408723395085
8.28670269914437
1.95599138725083
2.26159155229107
7.83165790035855
2.04014857986476
1.64177527371794
6.09888604399748
4.85180562036112
7.19011763937306
7.53317678871099
3.16562835406512
1.66909281467088
3.33250788773876
2.09164937445894
2.01658242172562
5.44678942428436
1.73638958192896
1.93346792121883
1.09279058116954
5.75463410140947
4.10530689242296
3.59048643521965
2.09781281789765
2.58060458081309
0.681308314320631
3.66285377927125
5.69680956983939
8.26155106851365
7.94308271154296
2.09426022437401
3.73887306614779
5.29106592398603
9.31418565497734
5.78393801790662
6.62331039528362
6.01959503616672
1.5711429680232
9.61048022599425
4.12183942482807
8.39775821520016
1.2166089854436
1.15502458845731
9.54064900532831
9.51320012891665
0.542302048183046
0.686655375291593
6.93054409278557
3.72112152515911
4.87537528213579
7.87361317046452
3.19879593339283
9.04946028220002
3.35221965971868
9.66578357992694
1.47693632019218
2.29282307438552
2.39611722598784
4.10968173877336
9.23110005282797
9.17227711563464
5.78014295909088
7.91895268927328
6.79772447061259
9.45775314804632
4.92331805301365
7.2469156057341
7.52972686232533
5.49484071938787
4.16308763739653
4.15503646654543
7.45309654937591
4.18926187173929
8.30863217066508
7.074658144149
5.56547080876771
5.7700526524568
1.69713821599726
4.14937076496426
4.03141552663874
1.23282369563822
3.06528488290496
8.235509218066
9.48272138193715
4.61230703385081
9.65724119229708
8.51092312554829
8.65312816004734
2.91136988007929
5.19785725267138
9.35391891677864
2.14688055217266
3.21675416897051
1.04338212939911
3.55113408982288
2.75731319456827
7.31559205998201
3.22838221548591
6.55254481430165
8.57090830313973
7.15959468996152
3.94063707999885
5.14499279181473
2.47916361351963
8.7439963563811
3.81793470750563
4.60973772103898
7.44740637321956
5.75404140749015
3.9980469107395
7.96508180897217
2.27632182475645
4.72910808084998
7.87015955022071
3.23789649258833
6.7815438102698
6.68458639713936
9.43571766722016
4.1388056515716
6.16248952818569
0.582366589340381
5.62781897396781
1.16490137239452
0.86281118215993
5.48993674886879
4.32813279225957
8.87322090344969
2.63831765076611
2.47362664178945
3.34918878937606
4.38541759364307
7.06101241719443
8.77236843190622
5.25030476320535
0.616877938969992
3.93672086042352
6.73061976186
7.23369098524563
9.27575582964346
2.80409408116248
1.04166835616343
7.36643072939478
6.47095007984899
3.60758028586861
2.85819308692589
2.83848961396143
8.00364341214299
0.941093950299546
6.9966357377125
0.655513740028255
6.08993563323747
2.67189431935549
4.2344408138888
1.16744412924163
2.82667545008007
0.5853187473258
1.96787593793124
1.16781442635693
2.25245745724533
8.50386234442703
4.86055240442511
7.97013963200152
6.92213228857145
4.50160845066421
9.28860527137294
2.03956024779473
4.13039026851766
5.7339819992194
1.8883050926961
3.312945237034
9.96111640299205
9.72386673465371
3.96232991677243
9.82382679439615
2.2016908711521
7.04786496516317
8.93480503058527
7.59925563784782
8.9800262110075
7.91777645866387
4.24438714189455
9.72057092399336
9.77867625956424
5.55229064950254
1.65161264396738
0.763277199002914
1.88659875141457
6.13300103379879
2.41259875218384
2.06325492123142
1.11734142235946
6.6787678207038
9.61858344264328
5.13155836903024
4.87845968687907
5.11848597752396
5.95655577222351
6.40554470510688
4.4759362625191
9.51254519016948
1.16858498950023
0.588923211907968
7.40657766349614
5.3290889847558
8.95168909442145
9.3884873862844
4.07977569464128
8.64855465712026
8.40015821217094
7.67155511223245
8.53777850291226
3.51947326620575
6.24645410047378
0.902957631857134
8.49277562950738
2.76396006671712
2.54068090394139
6.5806013524998
3.6788811290171
3.85636058019008
6.79978989029769
3.27922672429122
2.12831958069
1.14412869117223
8.9844636892667
6.21464013436344
3.93018734327052
3.99839961004909
4.43521557713393
7.01778758352157
8.02683311747387
7.74214357160963
6.81409405742306
9.23129975784104
5.38155027315952
7.77142939926125
2.37573477323167
5.08137791859917
5.59477199579123
8.70222238835413
5.40739452652633
3.20934179227334
8.16198276123032
8.07404434075579
6.0871122161625
6.35555722448044
4.88724355772138
1.4617501902394
1.65936892107129
1.3780953225214
2.24008059047628
9.16625270724762
2.84980143746361
2.68091920891311
3.52268234861549
8.11913206893951
5.42078190902248
3.25450619345065
6.59505612507928
1.05280145222787
5.75519975717179
7.3891923984047
5.02539350569714
6.61212386877742
9.08787149889395
7.21570802514907
3.12646432465408
0.564178737346083
3.26405689597595
4.31564605422318
8.65125367965084
2.10733326396439
9.12698633805849
6.4220587129239
4.63307567837182
4.02288998477161
1.85613154608291
3.15482392511331
6.86377071868628
4.68454558390658
2.87105842772871
3.35182854428422
2.71537974255625
6.39377519930713
9.54202707100194
1.16207666799892
3.38279649079777
9.49323779169936
1.4747036350891
9.60236804897431
5.48862064047717
7.38507539220154
8.92929823789746
9.27790661284234
1.61300733161625
4.40291091403924
3.14324227964971
5.2738136886619
3.25146957219113
5.56127696367912
0.641780296107754
4.83691410988104
0.884229091927409
4.02024668862578
7.81154993001837
7.46784041833598
0.572891239309683
8.69825697632041
4.31178986094892
8.00131611782126
4.23090137669351
8.90699166548438
1.95540671143681
1.67120979132596
8.23984048573766
8.79825067229103
9.55751901259646
1.8945214888081
7.89926982671022
9.38891859224532
1.43020869372413
2.10432761360426
5.26778370852116
7.48704716470093
0.684631937299855
1.09656995767727
4.42873541300651
8.88592779543251
9.28434328897856
9.77155046653934
6.12993253034074
2.38482271938119
4.84955947590061
2.67879749881104
0.747713897377253
7.21813990431838
6.34177825099323
7.61292693205178
1.54945225245319
7.44316980545409
5.56275610835291
5.44496047566645
8.7584276010748
3.76575897203293
6.00284171942621
5.01635227026418
8.66462009341922
0.939820040366612
9.33356250240467
2.01517623406835
2.10838741587941
7.0515700354008
4.73786258883774
3.43940477201249
5.3287243898958
2.8624152818229
7.38093357300386
5.6432714908151
3.76285718102008
5.97376374981832
8.55941372655798
9.49252393923234
2.43263045651838
5.90738911775406
1.05519187171012
8.90876813034993
5.92800407786854
7.92240774061065
3.71399676729925
7.67896036885213
4.96066607558168
7.4105384593131
7.31867482129019
2.7005114259664
7.24232558440417
8.88801440945826
8.77192949980963
2.39937867713161
9.3328084864188
7.4988645092817
2.81978952558711
4.60207224648912
6.90491733909585
5.23064177890774
1.5936718841549
5.64212927909102
4.64412381348666
3.4751735109603
3.21677806624211
6.74741489219014
0.558935929439031
4.61530342302285
9.10906748741399
8.68136474618223
4.0161634181859
4.60781076573767
3.71335696894675
8.74511156091467
8.89049702056218
3.24802069424186
2.60523579991423
0.8196904953802
6.64777888776734
4.80892433982808
9.01520932081621
1.21727354149334
7.30201180942822
8.95162498496938
9.53730069764424
9.55560633726418
6.16084786702413
2.13784521806519
2.92025974474382
6.96922479523346
5.00271853839513
3.52018895011861
8.28404779057018
2.60667983524036
0.82206677866634
4.2834078540327
3.59801285259891
6.54166172386613
2.74508740659803
1.64378560625482
6.59833331825212
3.23082709836308
9.47748203121591
8.30644284747541
7.50462335138582
4.44710055249743
6.69127781677525
6.25907603371888
1.0097838860238
4.61855672555976
3.98918655270245
1.56359993934166
3.75777720590122
7.36233337363228
1.20870409358758
7.26354253501631
1.89580320671666
6.1787023228826
4.44327247457113
2.38230611593463
3.86093410965987
7.89190966612659
0.818291018600576
2.15690008492675
4.56153271941002
2.79066715226509
3.79339285101742
9.29922359401826
4.7245733855525
5.7383972479729
8.75712566205766
9.77550532785244
3.38996108924039
7.63878698053304
3.44097718992271
2.12356537953019
3.78194423310924
0.824491920415312
8.13809665304143
1.22542707866523
5.75860666448716
5.91117594612297
9.84453389968257
5.27864657342434
3.21776530181523
2.33712985902093
5.29590792395175
0.629996138741262
7.1764220984187
1.22697388508823
1.01849206816405
3.34506858256646
3.13020919787232
3.54466996854171
6.49448702996597
6.57732361298986
1.08513507118914
3.42166772997007
1.77282966743223
2.19569489220157
3.01039492036216
9.12187887355685
0.723544058855623
5.74674498697277
5.07160997518804
5.85030269203708
1.08821583294775
4.4137195632793
3.91865369142033
2.16373846260831
3.47073563898448
5.87129068979993
5.45637543301564
9.02601521846373
7.81842251459602
8.05277398845647
6.15826083696447
5.18025074095931
9.35020763555076
4.87761004420463
2.69752329820767
3.49872769392096
5.96101642446592
5.33786737232003
2.93121574795805
7.66622332215775
8.30477024195716
8.54792065406218
1.49945618526544
1.39912989828736
7.02988549543079
0.553430846543051
3.350878647645
2.99096593644936
3.46469686878845
8.10350618627854
1.48609485442284
2.77935268112924
6.45155324577354
8.43465445900802
1.52739343396388
1.03053275402635
8.16510803950951
7.55069742817432
7.57519354938995
3.02851857442874
1.93769762548618
0.936913896352053
5.14500308595598
2.66671166603919
4.46327148494311
6.99831948010251
2.78835576144047
7.34502166497987
5.27146208344493
4.79584350332152
1.57400833803695
3.29038543626666
5.22778241417836
7.61631910596043
3.21276874595787
1.94404070544988
3.6635256013833
2.55933243688196
3.70058185560629
1.52920292678755
9.62994426395744
8.90604552684817
8.0030102339806
6.32242572994437
2.95841523143463
4.91722398996353
8.13815010117833
5.99786220176611
3.33410802506842
8.03539048403036
3.32037253293674
4.68705979408696
9.89502463198733
0.660575212677941
3.54128076299094
3.7112289306242
2.2380862388527
6.44685730582569
4.02025984274223
5.03326143464074
5.32319244358223
1.93426198349334
7.80060957150999
2.47103363962378
9.34329122456256
1.60072150849737
4.31508651212789
9.76009846222587
1.96611291251611
5.35165719734505
6.99358782917261
1.19763969886117
4.91160867968574
2.74641805817373
4.22074197500478
5.41172557743266
2.39720530831255
8.68441876617726
5.30423317686655
7.67823627532925
7.46292273630388
1.19155330222566
8.76956059096847
7.47766010451596
4.84128555876669
0.567858149646781
3.9474178069504
0.96677888778504
5.40385591657832
4.60645907465369
0.613382067182101
7.12890014867298
1.07434226351324
5.45557779190131
3.2320835852297
1.43774458684493
9.16341785469558
5.08212803059723
9.65934683743399
7.92056851554662
4.57878284016624
9.95036118198186
1.69548924232367
8.52533436589874
5.86338290257845
4.55732055322733
0.657887402223423
5.13206466427073
7.78004277974833
8.55006974958815
8.80966284265742
2.61782018188387
0.830485238460824
1.10837460379116
8.03895321907476
5.41029284044635
7.36220585147385
1.81674015638418
2.15128130197991
3.62983027589507
6.03284227324184
4.63392905914225
1.99990623141639
7.97489878337365
9.97375755757093
4.71801990165841
2.71666523837484
8.25131155655254
5.50293588696513
4.00035600562114
5.56214360916056
8.29763311520219
5.98674198333174
2.27590194810182
2.23067758919206
1.22774773731362
9.15027395274956
5.99669835774694
6.91766606015153
7.08815166645218
6.64821138768457
3.76470605214126
1.44019937899429
6.18759335984942
6.34828639111947
7.80175583763048
4.39592926332261
7.46345192019362
2.21923478634562
6.57407657452859
3.93827564071398
7.50908592576161
8.47187197557651
5.7383532600943
2.94606649549678
6.04414947610348
6.27478377404623
3.35468981123995
9.65335135615896
7.83008941076696
1.81020777393132
0.881958287092857
0.912982046254911
5.19615511177108
3.80156622885261
6.44173246249557
0.915973031776957
1.17535317060538
2.77013059705496
1.66971065115649
6.96108064311557
9.31093340308871
6.17976608325262
2.51051160052884
2.47358219604939
7.37242023856379
2.11043435963802
6.83390651689842
6.69886313681491
9.95465320849326
0.56510205368977
5.29837602283806
2.20065098814666
3.49572802451439
9.52516951668076
6.32244142109994
2.28070623311214
5.53955941344611
4.69803052849602
1.31930323236156
9.05189810472075
8.70248096284922
8.79212714463938
8.66416845400818
5.52586219145451
3.41547276487108
7.39432982960716
2.78307593089994
7.53921919083223
6.24061627616175
4.14713759988081
7.00202924839687
8.61895577830728
8.27688068384305
4.96792236575857
4.00670854141936
9.94995042937808
9.06266226840671
7.77612618857529
8.7158051825827
9.68092436168808
8.52457698341459
0.915196366026066
1.08048830158077
9.31372605497018
2.30503591173328
2.94989407795947
0.873406916973181
3.93676925438922
8.37044767709449
8.92845958832186
7.64722270634957
0.587138934643008
3.2830904048169
4.44204294402152
2.69106216961518
7.89986834453885
1.89920312003233
1.77767083793879
3.25438577809837
2.83661330875475
8.8940903703915
2.59707314090338
5.12571322557051
6.59029107680544
2.14653724455275
1.52408367733005
7.61513985390775
8.89234484767076
5.44927482237108
5.48153971123975
3.82491840643343
2.14947317168117
0.806642341776751
1.03978109767195
4.10145194886718
2.28876298456453
3.22764188225847
2.44969883060548
7.24158835224807
4.97812155715656
3.0093480499927
5.34841951960698
6.09532155713532
4.61373018450104
4.44128121738322
6.70820723101497
6.14027721993625
8.61370417813305
4.17183687223587
6.93311292782892
5.99787703913171
3.27999767009169
3.79802463506348
5.58557059289888
6.53902336244937
8.66166227741633
4.15998446475714
5.30055858648848
1.87316831003409
5.292463646736
7.11359436647035
9.08928344410378
9.28373063937761
4.87446124909911
7.8188971974887
2.43622257432435
4.75914984883275
5.14981199824251
7.39171202329453
6.99008738761768
6.44032810628414
4.53601284429897
0.606471915845759
1.64532072504517
7.5984485585941
2.50714043295011
7.75125174107961
8.46545475523453
9.22072423971258
8.11226082034409
4.2549672673922
4.53543161903508
4.40319764148444
4.75270478078164
9.28359511459712
6.44360754452646
2.7115949668223
5.99488891800866
1.78675097611267
9.69969118060544
5.13963943580166
7.87943245249335
6.00470773933921
8.75289259571582
2.9666926964419
7.85403090470936
1.0275908370968
8.12235766532831
0.512222397141159
2.59898923360743
4.32737199903931
1.31320244295057
6.55171054205857
1.69756379711907
3.75913846783806
3.73802829184569
6.15980515722185
7.07378560840152
9.60371521674097
6.24489362235181
6.51692680467386
9.4114690964343
2.10104784357827
3.82651686936151
8.97569197940174
4.3067463444313
4.32753627176862
7.20690554345492
2.52730270521715
5.23300030955579
6.58160866762046
2.983413376729
4.39423536835238
4.64947719604243
7.16958399058785
7.93128175265156
4.54686072142795
9.36939067265484
9.99837833212223
1.45903475547675
8.66854169673752
2.49370975489728
8.68943516048603
8.25013781432062
2.55958783952519
4.05072766740341
1.40752117615193
3.23863205034286
7.74460119719151
8.85468747001141
4.65499964449555
4.52525596215855
7.95115974161308
7.4190323180519
5.99900952959433
8.18248227389995
9.64583168283571
7.58712690102402
8.52294433349743
1.51741256727837
4.96687316184398
3.49861442740075
5.23257677664515
6.5964615783887
9.67571256228257
9.99595536245033
8.31952806573827
8.71664572553709
8.38508829055354
2.67176991817541
3.32160836516414
4.29493335285224
4.86789867654443
9.82214190182276
0.870504882652313
9.10638469352853
5.65060421952512
4.27898335293867
4.40841643267777
1.18711823492777
5.85372991336044
8.94532541953959
2.66222220391501
3.08761341497302
7.36983805696946
3.71543483715504
7.37253640487324
5.78118894028012
4.7020198731916
8.65995081339497
7.76084639388137
1.3853415773483
4.70382028177846
9.05483958369587
0.891691534779966
4.7149001796497
1.7812561232131
4.33487288234755
1.32725618639961
3.21572879597079
8.8903153402498
5.55027188081294
6.41626345866825
4.45931923587341
7.68383195286151
7.3006083247019
2.68848676746711
0.568687033723108
1.12171525787562
5.05886075645685
9.71856953855604
3.46958592231385
7.69638997351285
5.20755540870596
8.93454991548788
1.33661143074278
9.2435781667009
5.19857581425458
3.98128006607294
3.71417434234172
5.47702520387247
5.89038777945098
7.05968308611773
4.72566372621804
0.975310965790413
3.20449927030131
1.1409152247943
4.36798256984912
1.86587399744894
3.20662011997774
6.15302062581759
9.55751888873056
9.64827401761431
8.49955706205219
1.72549454949331
6.8489818200469
0.950439407024533
0.858378740376793
3.04457548831124
9.67230591375846
7.24041687720455
7.90159259107895
3.6738985987613
7.17731357680168
3.73984404653311
0.660444821696728
2.56133532419335
1.21260374831036
2.2360236835666
9.93957816413604
5.69065573485568
9.63679128349759
2.0942778509343
3.9639977379702
3.21115136693697
6.018955018837
8.59539832838345
5.53887629962992
5.41858166572638
4.68067953002173
6.79195196786895
7.43352953903377
3.53621241357177
9.18755951151252
3.14055505977012
8.23507874202915
7.35937761468813
4.61544273013715
6.08634590206202
9.9540430981433
9.11369761254173
3.0178623222746
8.60887021396775
7.8188754391158
5.81068343552761
9.77525338903069
3.20459542784374
4.065021673101
6.66950701747555
5.91310793790035
7.19890563096851
7.20018107816577
1.1912719917018
3.50252198299859
7.38548995589372
2.61450625141151
3.89718592341524
4.10443762806244
3.13709032919724
7.71638404915575
9.95751795475371
9.77468720462639
6.21801418403629
4.41086061438546
9.17069451860152
3.20452920824755
6.09419763553888
9.61963810550515
4.17196503805462
3.65208886575419
2.32530561776366
0.613545689615421
5.00115744536743
0.870096662663855
9.28627298481297
7.44210771727376
1.5143802636303
6.03122495836578
2.60159188183025
4.1264966102317
6.44722840143368
7.56543565681204
6.33880877832416
7.31415929866489
3.26835544535425
7.21852980763651
7.55257027840707
5.08173055597581
7.09611883410253
1.68245970841963
4.79810164950322
7.7959754052572
4.03469675651286
0.634106146520935
5.00864689762238
6.44576268515084
3.03589934762567
9.21173142257612
9.49808635434601
7.05254720465746
3.83397429343313
8.96005816047546
5.58766367670614
3.73421954805963
3.94159753399435
8.54494654526934
5.36204637249466
1.32543859363068
2.32038128457498
2.18220921326429
0.585807188181207
2.77342368708923
9.63399504835252
6.13112676132005
3.26186025363859
8.55292405572254
4.61361417523585
2.20796329004224
9.70134771894664
2.08005353086628
0.561191600514576
0.910242504091002
