15
19
46
37
74
19
16
44
16
28
11
113
34
41
9
49
43
30
124
51
19
26
15
15
11
43
63
26
33
19
34
38
28
47
13
19
67
68
10
66
33
64
13
37
36
23
13
33
39
21
60
73
17
26
42
39
23
68
38
6
31
86
107
87
30
18
33
38
13
27
13
32
42
41
56
17
41
17
25
123
21
23
35
54
49
48
20
24
82
21
35
32
47
19
58
31
17
41
13
25
32
53
24
21
58
12
26
18
5
20
145
19
64
22
46
24
57
40
37
16
7
56
18
32
58
29
37
45
6
41
77
70
200
38
54
42
81
54
34
25
19
20
128
26
19
49
45
16
37
45
33
32
42
21
85
25
54
87
26
46
31
18
14
6
43
51
34
43
54
37
47
21
29
18
27
32
48
64
8
60
12
40
32
58
50
21
31
81
15
34
28
15
42
58
22
18
55
15
38
15
10
3
9
14
16
10
3
20
4
13
11
25
9
15
5
16
18
16
16
14
8
6
6
10
5
16
23
10
12
5
7
11
9
17
8
5
12
8
11
14
11
18
3
12
13
6
14
13
12
6
26
28
10
7
8
8
14
19
11
6
9
33
38
16
12
10
13
17
16
9
7
19
13
19
23
8
8
6
13
34
6
11
11
10
20
13
6
10
33
9
16
21
12
10
10
6
12
9
7
8
6
9
13
7
15
5
9
6
3
7
44
8
12
15
18
13
17
10
12
4
7
19
4
15
14
10
16
9
4
20
16
30
42
22
19
13
13
16
22
15
7
14
33
10
7
15
8
6
16
10
16
8
18
4
46
10
17
21
13
17
9
8
6
2
7
17
17
10
12
16
17
5
13
5
9
10
21
16
6
16
7
9
10
12
9
5
22
37
8
10
8
5
10
24
15
7
15
5
8
11
8
3
10
14
14
8
2
17
5
17
4
10
15
15
8
6
9
8
12
13
12
14
6
5
6
11
9
7
5
10
10
6
10
20
7
6
19
7
9
10
8
8
4
13
13
4
8
9
6
10
21
15
5
6
14
10
9
16
11
5
8
24
16
15
8
3
13
6
7
17
11
9
21
13
7
7
10
9
10
15
5
8
4
9
13
13
6
22
13
13
10
15
5
9
7
14
5
6
7
6
5
9
10
6
13
7
6
7
6
6
27
10
11
7
16
8
9
5
7
3
8
8
3
10
12
8
10
7
4
7
11
27
18
11
2
15
14
7
10
9
13
4
10
7
14
9
11
13
9
12
10
8
10
8
37
7
9
7
11
10
10
7
13
2
8
10
18
8
11
6
9
11
7
11
7
7
22
9
6
18
7
7
9
17
3
5
9
14
6
4
7
8
9
28
9
5
16
7
14
4
11
5
11
11
18
12
5
13
10
16
6
13
20
33
5
7
17
15
9
17
8
7
6
14
4
16
17
7
7
7
7
5
11
35
5
8
19
9
13
18
10
18
5
21
13
7
7
8
8
13
16
21
8
12
16
10
20
13
8
4
13
31
15
13
7
11
15
9
15
24
20
9
18
23
8
7
8
11
9
20
3
20
8
11
16
14
5
25
11
16
12
13
9
10
6
9
7
3
19
6
6
5
9
11
10
13
4
14
7
6
49
15
9
12
14
13
11
9
4
6
11
13
8
16
13
10
7
4
3
5
12
33
17
17
14
11
13
16
7
8
6
10
11
12
21
5
7
12
10
9
7
6
11
4
37
17
10
17
10
27
14
12
14
10
10
11
30
15
11
6
18
8
7
12
11
9
14
6
6
10
8
3
7
17
8
9
9
33
5
4
10
15
14
22
11
10
8
4
10
12
6
3
4
5
5
4
3
8
3
2
4
7
4
12
2
4
5
2
3
7
3
3
2
4
3
6
2
2
2
3
3
4
4
4
2
2
4
2
5
5
3
9
2
5
3
4
2
5
3
5
5
5
2
4
4
2
9
2
4
2
4
4
4
2
2
2
3
2
3
9
3
2
7
7
2
4
3
5
4
5
2
4
2
3
4
8
3
7
3
8
5
4
3
5
4
4
2
2
3
3
4
2
3
5
5
2
4
3
2
2
12
4
3
5
6
4
2
3
4
2
5
4
3
3
4
3
5
3
2
3
9
14
4
4
4
5
5
6
3
8
4
2
5
2
5
3
4
4
7
4
7
3
3
4
7
3
4
2
3
3
5
5
4
5
3
5
5
6
2
4
4
2
3
4
4
5
7
7
3
2
4
4
4
6
3
2
4
6
2
3
4
5
3
6
4
3
5
6
2
3
3
6
4
6
15
9
5
20
3
6
7
15
15
29
8
7
13
11
10
10
8
7
3
10
3
11
3
3
4
5
2
2
6
22
3
9
10
3
14
7
9
12
10
10
8
5
9
9
7
7
19
22
7
10
13
7
26
12
6
5
14
6
10
17
8
7
5
7
12
21
8
8
17
24
7
5
11
5
2
10
5
5
4
6
16
4
9
18
5
3
9
9
6
8
8
4
7
5
13
11
6
2
4
6
7
12
6
10
7
4
38
10
13
7
12
10
11
3
6
10
5
7
5
9
12
6
10
5
2
6
9
32
12
6
7
9
5
8
2
11
4
7
20
6
11
5
9
17
5
13
14
7
9
5
30
10
7
12
9
12
9
10
9
7
9
9
12
8
16
7
15
6
2
5
7
7
21
5
3
6
9
4
5
12
7
5
12
19
5
3
5
7
12
27
5
6
12
4
7
14
13
10
5
23
34
17
6
20
9
14
8
19
18
45
6
15
16
16
21
19
18
17
9
12
2
15
13
3
5
7
12
13
9
32
12
12
19
8
17
19
13
18
3
18
11
6
7
11
10
10
18
32
14
10
22
7
27
17
13
6
14
13
19
16
6
8
11
6
13
23
9
25
23
53
12
8
16
10
11
25
5
27
11
8
19
9
7
28
10
19
20
19
4
13
4
6
4
5
18
10
12
4
4
8
14
10
8
18
5
11
67
23
16
6
17
14
22
13
8
7
7
9
5
10
15
16
19
11
3
7
22
52
32
11
14
14
10
6
7
15
7
16
26
13
15
5
11
27
14
8
19
23
10
6
66
16
11
23
12
17
24
14
20
4
16
18
24
17
25
12
34
12
8
10
17
13
40
12
6
17
6
9
9
19
16
7
17
39
11
13
10
14
21
58
14
8
28
6
12
22
3
2
2
4
10
3
3
6
2
3
2
3
5
7
3
2
2
3
6
5
3
5
3
2
3
6
2
2
3
2
6
3
4
4
3
2
5
4
4
4
2
7
4
7
2
2
3
4
3
5
4
4
3
2
3
3
4
3
5
3
5
5
5
4
3
2
3
3
3
4
3
5
7
7
2
2
2
3
3
4
3
4
6
3
5
2
2
5
4
5
5
5
2
2
2
2
3
3
4
2
3
3
4
3
2
2
4
4
2
3
14
6
5
3
5
3
4
3
4
3
2
5
2
4
2
3
2
3
2
3
3
6
6
4
4
4
3
7
3
4
3
3
6
2
7
4
3
2
4
3
4
4
2
3
8
2
4
2
4
6
6
3
5
2
2
3
6
5
6
2
4
4
2
2
3
5
6
7
2
5
3
2
3
3
7
3
6
8
2
6
3
4
6
10
5
4
3
3
5
5
2
2
2
2
2
2
2
2
2
3
3
3
3
3
2
3
4
2
3
2
2
3
3
2
2
2
2
2
4
2
2
2
2
3
2
2
3
2
2
5
3
4
3
3
2
2
2
4
2
3
3
3
3
2
2
2
3
4
3
2
2
4
4
2
3
2
3
3
2
2
2
2
4
4
3
3
4
2
3
4
3
2
2
2
2
2
3
4
2
3
3
3
3
2
3
3
2
2
2
2
2
3
2
3
2
2
4
3
2
2
7
3
3
3
4
3
3
2
2
2
2
3
2
2
2
3
3
3
2
2
2
3
3
2
2
3
2
2
2
3
4
2
2
2
4
2
4
2
4
3
2
4
3
2
2
3
2
4
2
3
2
2
3
2
4
2
2
3
2
2
3
2
3
2
2
4
3
3
2
3
2
2
3
3
2
2
3
2
3
4
2
2
2
4
3
2
3
2
2
4
7
3
13
14
13
3
4
14
6
13
6
44
12
14
7
14
18
14
19
12
7
8
8
7
4
13
19
7
22
4
10
5
10
11
8
6
18
18
7
18
6
22
5
15
16
4
9
10
12
4
21
8
5
5
11
11
4
18
11
3
9
36
49
20
10
3
19
10
14
4
6
12
17
10
18
14
10
6
10
46
5
4
7
26
19
17
4
14
35
11
10
10
18
3
10
9
6
13
3
9
8
14
6
8
18
4
10
6
3
9
42
7
10
11
13
8
12
16
11
4
4
13
5
9
22
13
5
11
3
16
13
20
60
16
12
8
28
22
16
8
7
7
39
6
9
9
5
3
13
12
9
7
9
7
25
7
15
22
5
14
16
7
4
2
7
17
14
17
14
13
13
6
6
11
4
15
17
20
7
19
4
5
5
14
12
8
11
24
5
9
9
5
8
8
9
7
13
7
14
7
